0
0
452
-26 0.04935596146299429
-25 0.035824224064005906
-24 -0.029003816289542017
-23 -0.04522169587219181
-22 0.05184599494487461
-21 0.1255208978707438
-20 -0.001719322377830547
-19 -0.2043706873844004
-18 -0.09897309091652812
-17 0.23678380893992035
-16 0.2545973450597613
-15 -0.23533860612355273
-14 -0.4766119842356669
-13 0.0851525545988426
-12 0.6905650810586251
-11 0.1771214297719445
-10 -0.8782624230942655
-9 -0.6992290379387167
-8 0.8781519017748084
-7 1.337329339740071
-6 -0.6969886305668074
-5 -2.376412799600584
-4 0.07745948859946866
-3 4.35725767367951
-2 1.5943871388149504
-1 -14.301398002179186
0 -38.02985527490159
1 -56.46724024162
2 -61.890576175373475
3 -59.33874379599425
4 -58.66491209404118
5 -60.50376560860541
6 -53.94312233087903
7 -30.46261309559389
8 2.110735424236326
9 24.204481009787177
10 24.797822404758502
11 13.99614513688223
12 11.742909445074416
13 25.346614673801884
14 43.34904448807591
15 52.142743479447546
16 53.33801958371949
17 59.4589294841157
18 76.2117610733165
19 93.47478472673185
20 97.0023254026551
21 80.83624692829531
22 50.23798152858353
23 13.122941051215857
24 -23.05032984993273
25 -50.204292641906996
26 -62.09122342846607
27 -60.98202235819775
28 -57.91240530329335
29 -62.5096092816956
30 -73.13194659495034
31 -80.61873606649947
32 -81.35404411141793
33 -81.4681923574039
34 -85.93926774680943
35 -90.62701592487599
36 -93.51011053828033
37 -108.15425631808468
38 -145.01273080395868
39 -167.17349697322703
40 -81.90255152723898
41 188.63249043229678
42 610.7092220335969
43 1025.794513874838
44 1254.6698404200638
45 1222.430674214587
46 986.7631863559865
47 664.4578322193912
48 352.9906108870223
49 112.01339717952033
50 -24.850762274681706
51 -56.956060311389265
52 -28.059503362198697
53 -0.477739110392424
54 -5.0969618129486065
55 -25.395884870875104
56 -33.01687664840708
57 -25.286352956428953
58 -19.703390561260747
59 -24.35401176672446
60 -29.27894100616732
61 -24.573755027442832
62 -13.217182917570685
63 -2.901189635646622
64 5.282397243676184
65 14.543806349032952
66 24.64806825751063
67 32.3529130794328
68 37.76895039611652
69 44.80911888150044
70 55.762529942883496
71 67.96384612325377
72 78.19689943992597
73 86.01187906216464
74 94.6861085497797
75 106.41281709363244
76 121.71192732786983
77 139.26107785030106
78 157.48014442565957
79 175.39110587992116
80 192.65239019537472
81 209.56839077782922
82 227.67809276600548
83 250.19491467266275
84 279.8621799331198
85 315.705287814189
86 352.76334148603013
87 386.6243060610506
88 417.8995351979557
89 450.97887571587245
90 488.17717136352627
91 526.7773820979028
92 562.1622470119313
93 592.1933471962208
94 617.5208705374531
95 639.1460552831064
96 656.9660790297183
97 669.7982819272696
98 674.4919603107036
99 665.3728952429942
100 637.0523868179306
101 589.5747267263799
102 529.388092592732
103 464.29874333192197
104 398.06622877104047
105 330.96665415186885
106 264.5163576742681
107 203.0309864409342
108 150.3595311960914
109 106.7144067047739
110 70.27243788741077
111 40.476736437768636
112 18.211315111301346
113 2.895249410679307
114 -8.636391632234112
115 -19.376966745455622
116 -29.1371309024271
117 -35.47455462456005
118 -37.371470076647476
119 -36.77388345976619
120 -36.31944119693559
121 -36.82292675274649
122 -37.71357515478743
123 -38.90202193194818
124 -40.73064316853627
125 -42.20434412930531
126 -41.084490369702216
127 -36.64609780412108
128 -31.804746236911146
129 -30.8134630874695
130 -34.805189411998406
131 -40.34755291267311
132 -42.67439970792521
133 -39.94837609983858
134 -34.31830534960905
135 -29.660652147968122
136 -28.575963598270494
137 -30.955295352289777
138 -34.37060988659279
139 -35.85892925739762
140 -34.0762504375042
141 -30.362864770185702
142 -27.71854112842808
143 -28.198884308126296
144 -31.167148868576493
145 -34.1072586102486
146 -35.304539137715395
147 -35.51051058784178
148 -36.855155764225714
149 -40.19898471286763
150 -44.06119391402428
151 -46.4718357697136
152 -47.15148635779737
153 -47.278763272295
154 -47.6264204290984
155 -47.573187562111585
156 -46.451748619840956
157 -44.55897255386771
158 -42.5843356970292
159 -40.79329662288591
160 -39.48914426848326
161 -39.80471726379101
162 -42.5551688909783
163 -46.69371705401189
164 -49.61951440751993
165 -49.65982414724354
166 -47.675564179778966
167 -45.867412420540006
168 -45.79140718836857
169 -47.771297462206086
170 -51.25396020796488
171 -54.86567155882745
172 -56.485132405615296
173 -54.81526481165006
174 -51.179860882115925
175 -48.80347467750462
176 -49.87115960544342
177 -53.52447497880107
178 -57.23749079880481
179 -59.33215912929739
180 -59.7660173890821
181 -58.795165326782424
182 -56.5280164498476
183 -53.96860703260146
184 -53.10315000584959
185 -54.85345149507093
186 -57.37621575538656
187 -57.82219883621048
188 -55.83086987032267
189 -54.15742439507347
190 -55.24474062986876
191 -58.38038700502742
192 -60.83610841741254
193 -61.2796140499695
194 -60.45953741349474
195 -59.37888409517435
196 -58.240456532119126
197 -57.41265963535849
198 -57.856748463189845
199 -59.521871254968595
200 -60.44687368957289
201 -59.37125839978682
202 -58.40195459060355
203 -61.312003103852646
204 -68.20586171719947
205 -74.01506164030667
206 -74.00558953646645
207 -69.45584457370724
208 -65.88455385928117
209 -65.72324917789126
210 -66.02478736240695
211 -64.3875170579358
212 -63.18902697502385
213 -63.94536975076326
214 -59.83866262914615
215 -41.1914736221161
216 -10.505285739549983
217 14.173926678237986
218 17.537401692619667
219 6.113319108955648
220 1.7730789785726275
221 15.770308753249658
222 36.84316545684031
223 48.00420733663484
224 48.914783242463095
225 53.469221611464285
226 69.482083646208
227 87.06548637135575
228 91.25471488715365
229 76.23430330161433
230 47.73796352329298
231 13.205060228588108
232 -21.7886707790492
233 -51.28125907285446
234 -69.52329431405863
235 -76.38329191048784
236 -78.68232681145663
237 -83.07443139101845
238 -89.05905606631944
239 -92.02782975780009
240 -91.62331051519918
241 -92.58771793157572
242 -96.22175746002296
243 -97.5363653577838
244 -98.45948778677962
245 -117.2843260078711
246 -164.01477798327954
247 -194.42686630386015
248 -105.74363395256931
249 184.8104747716574
250 637.1250854947401
251 1076.4269320596718
252 1308.1298916496526
253 1256.0822774150981
254 993.474903752006
255 656.4408542446158
256 348.55545611826614
257 118.62923415842113
258 -14.11941262672866
259 -51.91408058164111
260 -29.839741325679586
261 -2.7035882054424207
262 -3.510968922931466
263 -22.611784779251124
264 -33.477011625659486
265 -28.67505551995702
266 -21.186329300035062
267 -19.72913905963024
268 -18.125005568448373
269 -9.462136506019101
270 1.8877845093469863
271 7.569903773564171
272 7.418962075473218
273 8.081478401278433
274 13.27587609364728
275 20.783424833464256
276 28.02861168431538
277 35.39502539363951
278 43.679208894792126
279 51.465296968168964
280 58.347748895055034
281 65.9938473064006
282 77.16572862567739
283 91.00700791503591
284 104.87830329978424
285 117.46252569737055
286 130.32027504538127
287 145.6095362370868
288 163.9471780035473
289 184.87710351047096
290 207.9032771787912
291 232.58595676770128
292 258.2928841084806
293 284.9218400286319
294 313.78130691695577
295 346.7285280977028
296 383.9700721405843
297 423.3262869664977
298 461.52666001920636
299 496.08720548982694
300 526.664733062425
301 554.8614677582631
302 582.6594122441454
303 609.547619102259
304 631.0750603982328
305 641.6962929323096
306 639.2781991987897
307 626.0946834516948
308 604.457968432487
309 572.5744068544383
310 526.7817901358617
311 467.14193458992963
312 398.866228031577
313 327.86902597865327
314 257.4848464306631
315 190.6472768581525
316 132.66010924350292
317 88.31421607642868
318 56.717168671637346
319 31.719007170587005
320 8.883567142951344
321 -9.80875376643882
322 -19.833289463071697
323 -21.197929135955853
324 -20.047375062939718
325 -22.59361225974613
326 -29.326947800470197
327 -35.64504778616428
328 -37.24861980245582
329 -34.20448064609836
330 -30.38223062987619
331 -29.58079868349083
332 -32.28073466140195
333 -35.64001934540146
334 -36.651731583165045
335 -34.981516806993895
336 -33.02033067332759
337 -33.13318147441504
338 -35.87831313024569
339 -40.22410067254537
340 -44.713152886551846
341 -47.879974339933824
342 -48.677530616699
343 -47.74733010443744
344 -47.57157449178038
345 -49.71153010220843
346 -52.129881655845644
347 -50.994567330868826
348 -45.68097946904981
349 -40.78945207764376
350 -41.95644561022062
351 -49.92364377573233
352 -59.3199965647482
353 -63.584033454642636
354 -60.61680851682864
355 -54.35156131303738
356 -51.09153419504667
357 -53.93507851916525
358 -60.16641555845169
359 -63.92276046341028
360 -62.37008054037905
361 -58.911309807942786
362 -59.16456500774386
363 -64.23499342774319
364 -69.58497903663219
365 -70.7395348851224
366 -68.13115258260446
367 -65.70328629172532
368 -66.16226037755631
369 -69.31725651305446
370 -74.0438810954486
371 -79.24933807109456
372 -82.76132249159072
373 -82.20783300344493
374 -78.32844249163459
375 -75.27883159770505
376 -76.67284451748635
377 -80.80904264372543
378 -82.62147044168015
379 -79.78937194562181
380 -75.7844857011585
381 -75.92035156872113
382 -81.00263165132453
383 -86.01286248653714
384 -85.32871961430281
385 -79.05186838809891
386 -73.04345477484577
387 -72.49459614069355
388 -76.8638271770124
389 -82.0006183176026
390 -86.03201281535004
391 -89.85647052932066
392 -92.28419988785008
393 -89.24177416796321
394 -81.05014787442224
395 -76.60753183061263
396 -83.59142592690718
397 -94.7652993141913
398 -90.97884564495703
399 -62.40215457127866
400 -22.514192919428417
401 4.305255757523252
402 7.814936997922657
403 -0.5765517540480651
404 -4.5825570222495
405 -0.8877866048580758
406 2.785327616769912
407 1.4837940727178094
408 -1.4518129914910198
409 -1.4894958345902851
410 0.5621620081579406
411 1.265786994807193
412 0.047954197903329
413 -0.855753265803045
414 -0.3000230154872112
415 0.5163047512269178
416 0.38940563027572905
417 -0.20372052148852535
418 -0.2881971806004075
419 0.05829662560083129
420 0.21889847210892113
421 0.060432149452413805
422 -0.09536514001106726
423 -0.04590717791410104
424 0.06970779577236946
425 0.07220594362178795
